01 (500, 1000, 86, 560, 80, 380);
02 (500, 1000, 86, 560, 80, 374);
03 (500, 1040, 86, 560, 80, 356);
04 (600, 1200, 86, 560, 80, 328);
05 (600, 1200, 86, 560, 80, 362);
06 (500, 1500, 80, 560, 80, 392);
07 (500, 1500, 80, 560, 80, 332);
08 (500, 1500, 80, 560, 80, 340);
09 (500, 1500, 80, 560, 80, 364);
10 (500, 1500, 80, 560, 80, 366);
11 (500, 1500, 80, 560, 80, 292);
12 (500, 1500, 80, 560, 80, 326);
13 (500, 1500, 80, 560, 80, 326);
14 (500, 1500, 80, 560, 80, 362);
15 (500, 1500, 80, 560, 80, 396);
16 (500, 1500, 80, 560, 80, 348);
17 (500, 1500, 80, 438, 80, 384);
18 (500, 1500, 80, 510, 80, 394);
19 (500, 1500, 80, 560, 80, 368);
20 (500, 1500, 80, 560, 80, 350);
21 (500, 1500, 80, 560, 80, 382);
22 (500, 1500, 80, 560, 80, 354);
23 (500, 1500, 80, 560, 80, 392);
24 (500, 1500, 80, 560, 80, 354);


01 
02	48	61	62	63		crash_ 71 90 92 93
03	83	98	100	100
04	44	79	93	99
05	48	81	88	89		crash_
06	57	82	90	94		crash__
07	57	87	93	95
08	57	89	98	100
09	57	85	94	95
10	73	95	99	99
11	67	92	99	100
12	76	95	97	99
13	88	99	100	100
14	39	68	81	88		crash_
15	_crash!!
16	_crash!!
17
18
19
20
21
22
23
24


data snooping